jails: 
  1: 
    world: world
    x: -114.5
    y: 74.0
    z: -111.5
    yaw: -263.00027
    pitch: 31.028442
