world: world
x: 235.97711251865775
y: 63.0
z: -372.2556449302173
yaw: 221.93823
pitch: -1.4040772
name: 1x1
lastowner: b9b23a2d-91e1-3619-b657-081134ce235c
