world: world
x: 31.579802800240547
y: 65.0
z: -568.4249118969279
yaw: 89.431915
pitch: -0.43544525
name: ПВП-ЗОНА
lastowner: e8a1c26a-1a2d-3687-baba-bcd6f26a99ef
