world: world
x: 653.2185860813986
y: 70.0
z: 382.5696580696788
yaw: -266.93195
pitch: 5.537292
name: _PVP_
lastowner: bd03abcc-a5c3-3fb7-8a01-4fd1314efb0c
