world: world
x: 313.3004889455758
y: 64.0
z: 141.06576906122618
yaw: -352.94687
pitch: 8.099996
name: ad
lastowner: 4926dcb7-76b3-34e4-9bd5-4ec45b6b8788
