world: world
x: -139.147029275855
y: 70.0
z: 69.91729716532573
yaw: 264.0449
pitch: 12.336389
name: ah1
lastowner: fd11cbd7-5a9b-341f-b2eb-38dee6471f5e
