world: world
x: -174.66423634077887
y: 78.0
z: 447.44451042689013
yaw: 37.625748
pitch: 15.166594
name: arnold
lastowner: 84f5fd1e-b508-30a4-9066-70e0d33d2231
