world: spawn
x: -41.36050390286313
y: 18.0
z: 70.23987274476696
yaw: 135.54793
pitch: -0.15820238
name: auc
lastowner: e8a1c26a-1a2d-3687-baba-bcd6f26a99ef
