world: world
x: -334.69914499131846
y: 67.0
z: -99.30000001192093
yaw: 192.05379
pitch: 2.549989
name: auc2
lastowner: b9b23a2d-91e1-3619-b657-081134ce235c
