world: spawn
x: -16.300000011920922
y: 18.0
z: 64.82614865908802
yaw: 262.3402
pitch: 12.449993
name: auc3
lastowner: b9b23a2d-91e1-3619-b657-081134ce235c
