world: spawn
x: -21.79964180185252
y: 18.0
z: 75.18324767927635
yaw: 216.06654
pitch: 5.4706545
name: auction
lastowner: e4a443ed-6fbc-35ae-9d4c-321d77d34478
