world: world
x: 488.2972312523036
y: 103.0
z: 197.2999039108266
yaw: -31.94197
pitch: 34.679867
name: Beki
lastowner: c3e8abb6-6e72-3def-a4a1-edab306d3531
