world: world
x: -49.083121182227075
y: 74.0
z: 770.4092670034761
yaw: 56.07794
pitch: 35.988007
name: bez
lastowner: 5c22f350-ab76-378f-b610-7f128dd47d93
