world: world
x: -368.4816758260846
y: 75.0
z: -520.4385358353863
yaw: -3.3361816
pitch: -7.950008
name: BlackGrif
lastowner: e528e489-7bc2-3818-9b48-9656a97f1cd5
