world: spawn
x: -30.5
y: 18.0
z: 88.5
yaw: 179.09016
pitch: 0.89997005
name: case
lastowner: 105a6dee-6f99-3437-a7c5-aeda77a28105
