world: spawn
x: -54.5
y: 18.0
z: 82.5
yaw: 45.00061
pitch: 0.15029708
name: char
lastowner: e9f315cb-1eb7-3b96-8835-67b6c40f1d91
