world: world_the_end
x: 101.21412087977666
y: 49.0
z: -0.4641903295782809
yaw: 90.418434
pitch: -17.699959
name: Drak
lastowner: d19b4261-74dd-30c4-bae3-a19c37ac2885
