world: world
x: 652.9340978004287
y: 70.0
z: 387.7906144308936
yaw: -238.43161
pitch: 27.449972
name: dryg
lastowner: bd03abcc-a5c3-3fb7-8a01-4fd1314efb0c
