world: spawn
x: -54.7383693606658
y: 18.0
z: 82.75133805624473
yaw: 45.00061
pitch: 0.15029708
name: enchant
lastowner: 105a6dee-6f99-3437-a7c5-aeda77a28105
