world: spawn
x: -30.5
y: 20.0
z: -43.5
yaw: 180.45044
pitch: -5.699917
name: end
lastowner: 105a6dee-6f99-3437-a7c5-aeda77a28105
