world: world
x: 441.76065241029966
y: 80.0
z: 268.30000001192093
yaw: 75.17941
pitch: 32.550007
name: ezka
lastowner: 88f6d1f5-b56a-3461-aa16-87c734891a6f
