world: world
x: -482.42237058127915
y: 74.0
z: 39.16469913674962
yaw: -261.382
pitch: 15.5061455
name: fine
lastowner: e9f315cb-1eb7-3b96-8835-67b6c40f1d91
