world: world
x: 24.210372935762642
y: 63.0
z: -186.83291570829925
yaw: -75.302536
pitch: 28.08505
name: gg
lastowner: 192b90ea-a35e-3ffa-ae64-69f185ea927b
