world: world
x: 8.300000011920929
y: 48.0
z: -188.83984320158214
yaw: -4.852049
pitch: 12.900001
name: ggg
lastowner: c303472f-cb0c-3253-af11-2916c9198afa
