world: world
x: -20.57346242373217
y: 64.0
z: 258.42054980459966
yaw: -272.07074
pitch: 7.852085
name: ggg1
lastowner: 8fd6e5dc-6c88-3667-9d66-6ab345912d7c
