world: world
x: -1001.5083517373943
y: 65.0
z: -1124.5341350617066
yaw: -179.77382
pitch: 90.0
name: ILA
lastowner: 984e2099-9dd8-3650-9b73-9af405732eca
