world: spawn
x: -22.51214720398633
y: 18.0
z: 103.61467282553195
yaw: -40.21007
pitch: -10.050051
name: king
lastowner: 105a6dee-6f99-3437-a7c5-aeda77a28105
