world: world
x: -382.02916296256626
y: 35.0
z: 614.4986148742604
yaw: 72.028595
pitch: 31.949965
name: kit
lastowner: bd03abcc-a5c3-3fb7-8a01-4fd1314efb0c
