world: world
x: -707.6999999880791
y: 72.0
z: 124.69999998807907
yaw: 214.63077
pitch: 1.7991843
name: kv
lastowner: 6351a131-b038-3953-82ed-631cc738c1d1
