world: spawn
x: -59.659222257219675
y: 18.0
z: -16.873810324530204
yaw: 134.54114
pitch: 0.30001393
name: les
lastowner: 105a6dee-6f99-3437-a7c5-aeda77a28105
