world: world
x: 3.5355957727144345
y: 64.0
z: 277.7894683648597
yaw: 158.0951
pitch: 18.750004
name: LiKe_246gg
lastowner: 8800b250-256a-310b-b858-e9ba6d45a9e6
