world: world
x: -2.1162870410747723
y: 64.0
z: 263.30000001192093
yaw: 13.345703
pitch: 8.100022
name: LiKe_246
lastowner: 8800b250-256a-310b-b858-e9ba6d45a9e6
