world: world
x: 718.4654086428329
y: 78.0
z: 210.42530802208506
yaw: -39.402283
pitch: 10.950016
name: lolka
lastowner: 76227cee-2b51-3f7c-bfa0-4ee1791df34e
