world: world
x: -114.64448803561275
y: 133.0
z: 733.1415282626863
yaw: 87.09141
pitch: 17.739933
name: loxblogman
lastowner: 9f09b38d-6493-39ac-bf26-4f54f89046a3
