world: world
x: -483.20836640082354
y: 65.0
z: 714.5958442835807
yaw: -18.830318
pitch: 35.454292
name: miki
lastowner: b79c200e-d138-3558-aed1-88853c077d5e
