world: spawn
x: -8.5
y: 18.0
z: 88.5
yaw: 269.69022
pitch: 0.29994267
name: mine
lastowner: 105a6dee-6f99-3437-a7c5-aeda77a28105
