world: world
x: -969.5
y: 64.0
z: -1186.5
yaw: 312.55853
pitch: 6.7309966
name: pidors
lastowner: e4a443ed-6fbc-35ae-9d4c-321d77d34478
