world: world
x: 155.30134045914312
y: 72.0
z: 318.44132150865556
yaw: 292.0618
pitch: 14.860232
name: piska
lastowner: b79c200e-d138-3558-aed1-88853c077d5e
