world: spawn
x: -30.5
y: 20.0
z: -40.5
yaw: 180.29054
pitch: -8.099981
name: portal
lastowner: 105a6dee-6f99-3437-a7c5-aeda77a28105
