world: world
x: 645.4991945993021
y: 70.0
z: 385.5854555685894
yaw: -86.48282
pitch: 25.637339
name: pve
lastowner: bd03abcc-a5c3-3fb7-8a01-4fd1314efb0c
