world: spawn
x: -70.5
y: 18.0
z: 28.5
yaw: 89.69019
pitch: -12.150054
name: pvp
lastowner: 105a6dee-6f99-3437-a7c5-aeda77a28105
