world: world
x: -300.37223307024885
y: 74.0
z: 868.4109422226702
yaw: -88.433716
pitch: 3.6132998
name: pvp2020
lastowner: d6eefecc-b5eb-3725-9781-270bd338d415
