world: world
x: -480.76935796652145
y: 63.0
z: 472.2872160109708
yaw: 143.91336
pitch: 15.169202
name: pvp_104
lastowner: e1ff3b49-d243-35b0-a8e6-869306eea011
