world: world
x: -484.2988644032161
y: 63.0
z: 473.3956179228094
yaw: 143.91336
pitch: 15.169202
name: pvp_105
lastowner: e1ff3b49-d243-35b0-a8e6-869306eea011
