world: world
x: -484.3079029089147
y: 63.0
z: 473.39259902093056
yaw: 143.91336
pitch: 15.169202
name: pvp_107
lastowner: e1ff3b49-d243-35b0-a8e6-869306eea011
