world: world
x: -480.40095009240827
y: 64.0
z: 481.9060669602673
yaw: 143.91336
pitch: 15.169202
name: pvp_102
lastowner: e1ff3b49-d243-35b0-a8e6-869306eea011
