world: world
x: -481.5283328312339
y: 63.0
z: 471.2460233029601
yaw: 143.91336
pitch: 15.169202
name: pvp_103
lastowner: e1ff3b49-d243-35b0-a8e6-869306eea011
