world: world
x: 101.5709737741322
y: 70.0
z: 284.4384989749916
yaw: 79.20935
pitch: 15.373345
name: pvpall2
lastowner: b52cef5b-5957-3e98-8d19-178e6d8cd219
