world: world
x: 118.79786294819982
y: 71.0
z: 277.32632237306086
yaw: 356.2468
pitch: 64.81127
name: pvpall
lastowner: b52cef5b-5957-3e98-8d19-178e6d8cd219
