world: world
x: 406.4616643106699
y: 70.0
z: 335.5245826661423
yaw: 173.70546
pitch: -90.0
name: pvpz
lastowner: 1d7cd354-1790-3986-8f90-92960fa4b3da
