world: world
x: 379.7082529375995
y: 68.0
z: 170.4059212228856
yaw: 60.337353
pitch: 6.9670777
name: rec
lastowner: 4926dcb7-76b3-34e4-9bd5-4ec45b6b8788
