world: world
x: 401.5
y: 87.0
z: -18.5
yaw: -218.93976
pitch: 29.238983
name: rer
lastowner: 9d419a69-7dad-3bc7-a021-159f3beaee07
