world: world
x: -180.77826345425294
y: 77.0
z: 301.45292618121607
yaw: -332.46072
pitch: 0.9855156
name: rgch
lastowner: 4a755bad-e08f-303e-ab71-e4f937e2e902
