world: world
x: 300.53487429442555
y: 74.0
z: 247.69999998807907
yaw: -181.21869
pitch: 10.800021
name: rtm
lastowner: dfe5e492-c27b-336c-b865-a7464f2bbdb1
