world: world
x: -137.59597011094723
y: 110.0
z: 765.6688580287916
yaw: 358.9152
pitch: 29.292036
name: s
lastowner: 9f09b38d-6493-39ac-bf26-4f54f89046a3
