world: world
x: 80.30000001192093
y: 63.875
z: -201.6441981711496
yaw: -88.76047
pitch: -12.196885
name: Siklo
lastowner: 192b90ea-a35e-3ffa-ae64-69f185ea927b
