world: world
x: -954.3945994746667
y: 66.5
z: -1168.4465627371376
yaw: 144.31311
pitch: 26.716787
name: slm
lastowner: 5c22f350-ab76-378f-b610-7f128dd47d93
