world: world
x: -479.69999998807907
y: 63.0
z: 458.54087619433653
yaw: 266.25787
pitch: 21.806768
name: ss1234
lastowner: e1ff3b49-d243-35b0-a8e6-869306eea011
