world: world
x: 378.81282332724805
y: 71.0
z: 471.10797434545805
yaw: -83.92873
pitch: 19.056122
name: the
lastowner: b10bab03-6f5d-3078-a240-b31265825999
