world: world
x: -32.69346489844095
y: 65.0
z: 163.18619601813884
yaw: 4.6500854
pitch: 50.700005
name: top4ik
lastowner: 55694c99-4ab9-353e-bd3f-8c3caf53665a
