world: world
x: -478.76658459292787
y: 63.0
z: 457.3378527381508
yaw: 0.36483765
pitch: 20.193163
name: tp
lastowner: e1ff3b49-d243-35b0-a8e6-869306eea011
