world: world
x: 546.2410919736943
y: 74.0
z: -110.69999998807907
yaw: 3.4908447
pitch: 29.20674
name: Vape
lastowner: a29dc6e3-e294-30de-93b0-def509e0116e
