world: world
x: 170.24990360785137
y: 68.0
z: 510.18617876404835
yaw: -118.499146
pitch: 31.949799
name: warp
lastowner: 105a6dee-6f99-3437-a7c5-aeda77a28105
