world: spawn
x: -60.5
y: 18.0
z: -17.5
yaw: 136.94987
pitch: 1.2000232
name: woodcutter
lastowner: 105a6dee-6f99-3437-a7c5-aeda77a28105
