world: spawn
x: -60.5
y: 18.0
z: -17.5
yaw: 136.94987
pitch: 1.2000232
name: wood
lastowner: 4a755bad-e08f-303e-ab71-e4f937e2e902
