world: world
x: 405.1555862085586
y: 70.0
z: 339.6050313034042
yaw: 183.00558
pitch: 0.29269856
name: wpg
lastowner: 1d7cd354-1790-3986-8f90-92960fa4b3da
