world: world
x: 473.81988654260834
y: 86.0
z: 19.015958312774806
yaw: 78.24963
pitch: 26.547842
name: ZABIV2020
lastowner: d6d29156-42cc-3fa2-8a52-21d329bee1a8
