world: spawn
x: -31.226714033794618
y: 22.0
z: 122.95936558465705
yaw: 179.85059
pitch: -1.0498893
name: zabiv
lastowner: ab30d509-5895-32c5-86df-704983e7ffe8
