world: world
x: -350.54734346612446
y: 66.0
z: -183.68926508151478
yaw: -43.669678
pitch: 5.3630896
name: zames
lastowner: 9f09b38d-6493-39ac-bf26-4f54f89046a3
