world: world
x: -641.3342549790615
y: 64.0
z: 321.25467537269884
yaw: 173.77205
pitch: 6.9212227
name: zaruba2
lastowner: e4a443ed-6fbc-35ae-9d4c-321d77d34478
