world: world
x: -640.5124263069259
y: 66.0
z: 294.56239882616376
yaw: 2.790968
pitch: -0.90591025
name: zaruba
lastowner: 8fd6e5dc-6c88-3667-9d66-6ab345912d7c
