world: world
x: 15.470496584259203
y: 64.5
z: -201.33903069090664
yaw: 1.3071594
pitch: -28.94999
name: ZEVS
lastowner: 9f1226b4-b453-3d25-9ee6-326f1af43a2e
