world: world
x: 24.58906908107619
y: 65.0
z: -568.0231569987229
yaw: -269.96033
pitch: -1.5628163
name: zona
lastowner: e8a1c26a-1a2d-3687-baba-bcd6f26a99ef
